0	1
0	33
0	48
0	95
0	175
0	209
0	261
0	297
0	321
0	337
0	362
0	419
0	444
0	456
1	2
1	34
1	49
1	72
1	176
1	210
1	262
1	298
1	322
1	338
1	363
1	420
1	445
1	457
2	3
2	35
2	50
2	73
2	177
2	211
2	263
2	299
2	323
2	339
2	364
2	421
2	446
2	458
3	4
3	36
3	51
3	74
3	178
3	212
3	240
3	300
3	324
3	340
3	365
3	422
3	447
3	459
4	5
4	37
4	52
4	75
4	179
4	213
4	241
4	301
4	325
4	341
4	366
4	423
4	448
4	460
5	6
5	38
5	53
5	76
5	180
5	214
5	242
5	302
5	326
5	342
5	367
5	424
5	449
5	461
6	7
6	39
6	54
6	77
6	181
6	215
6	243
6	303
6	327
6	343
6	368
6	425
6	450
6	462
7	8
7	40
7	55
7	78
7	182
7	192
7	244
7	304
7	328
7	344
7	369
7	426
7	451
7	463
8	9
8	41
8	56
8	79
8	183
8	193
8	245
8	305
8	329
8	345
8	370
8	427
8	452
8	464
9	10
9	42
9	57
9	80
9	184
9	194
9	246
9	306
9	330
9	346
9	371
9	428
9	453
9	465
10	11
10	43
10	58
10	81
10	185
10	195
10	247
10	307
10	331
10	347
10	372
10	429
10	454
10	466
11	12
11	44
11	59
11	82
11	186
11	196
11	248
11	308
11	332
11	348
11	373
11	430
11	455
11	467
12	13
12	45
12	60
12	83
12	187
12	197
12	249
12	309
12	333
12	349
12	374
12	431
12	432
12	468
13	14
13	46
13	61
13	84
13	188
13	198
13	250
13	310
13	334
13	350
13	375
13	408
13	433
13	469
14	15
14	47
14	62
14	85
14	189
14	199
14	251
14	311
14	335
14	351
14	376
14	409
14	434
14	470
15	16
15	24
15	63
15	86
15	190
15	200
15	252
15	288
15	312
15	352
15	377
15	410
15	435
15	471
16	17
16	25
16	64
16	87
16	191
16	201
16	253
16	289
16	313
16	353
16	378
16	411
16	436
16	472
17	18
17	26
17	65
17	88
17	168
17	202
17	254
17	290
17	314
17	354
17	379
17	412
17	437
17	473
18	19
18	27
18	66
18	89
18	169
18	203
18	255
18	291
18	315
18	355
18	380
18	413
18	438
18	474
19	20
19	28
19	67
19	90
19	170
19	204
19	256
19	292
19	316
19	356
19	381
19	414
19	439
19	475
20	21
20	29
20	68
20	91
20	171
20	205
20	257
20	293
20	317
20	357
20	382
20	415
20	440
20	476
21	22
21	30
21	69
21	92
21	172
21	206
21	258
21	294
21	318
21	358
21	383
21	416
21	441
21	477
22	23
22	31
22	70
22	93
22	173
22	207
22	259
22	295
22	319
22	359
22	360
22	417
22	442
22	478
23	0
23	32
23	71
23	94
23	174
23	208
23	260
23	296
23	320
23	336
23	361
23	418
23	443
23	479
24	15
24	47
24	52
24	93
24	143
24	163
24	195
24	287
24	323
24	342
24	368
24	391
24	456
24	480
25	16
25	24
25	53
25	94
25	120
25	164
25	196
25	264
25	324
25	343
25	369
25	392
25	457
25	481
26	17
26	25
26	54
26	95
26	121
26	165
26	197
26	265
26	325
26	344
26	370
26	393
26	458
26	482
27	18
27	26
27	55
27	72
27	122
27	166
27	198
27	266
27	326
27	345
27	371
27	394
27	459
27	483
28	19
28	27
28	56
28	73
28	123
28	167
28	199
28	267
28	327
28	346
28	372
28	395
28	460
28	484
29	20
29	28
29	57
29	74
29	124
29	144
29	200
29	268
29	328
29	347
29	373
29	396
29	461
29	485
30	21
30	29
30	58
30	75
30	125
30	145
30	201
30	269
30	329
30	348
30	374
30	397
30	462
30	486
31	22
31	30
31	59
31	76
31	126
31	146
31	202
31	270
31	330
31	349
31	375
31	398
31	463
31	487
32	23
32	31
32	60
32	77
32	127
32	147
32	203
32	271
32	331
32	350
32	376
32	399
32	464
32	488
33	0
33	32
33	61
33	78
33	128
33	148
33	204
33	272
33	332
33	351
33	377
33	400
33	465
33	489
34	1
34	33
34	62
34	79
34	129
34	149
34	205
34	273
34	333
34	352
34	378
34	401
34	466
34	490
35	2
35	34
35	63
35	80
35	130
35	150
35	206
35	274
35	334
35	353
35	379
35	402
35	467
35	491
36	3
36	35
36	64
36	81
36	131
36	151
36	207
36	275
36	335
36	354
36	380
36	403
36	468
36	492
37	4
37	36
37	65
37	82
37	132
37	152
37	208
37	276
37	312
37	355
37	381
37	404
37	469
37	493
38	5
38	37
38	66
38	83
38	133
38	153
38	209
38	277
38	313
38	356
38	382
38	405
38	470
38	494
39	6
39	38
39	67
39	84
39	134
39	154
39	210
39	278
39	314
39	357
39	383
39	406
39	471
39	495
40	7
40	39
40	68
40	85
40	135
40	155
40	211
40	279
40	315
40	358
40	360
40	407
40	472
40	496
41	8
41	40
41	69
41	86
41	136
41	156
41	212
41	280
41	316
41	359
41	361
41	384
41	473
41	497
42	9
42	41
42	70
42	87
42	137
42	157
42	213
42	281
42	317
42	336
42	362
42	385
42	474
42	498
43	10
43	42
43	71
43	88
43	138
43	158
43	214
43	282
43	318
43	337
43	363
43	386
43	475
43	499
44	11
44	43
44	48
44	89
44	139
44	159
44	215
44	283
44	319
44	338
44	364
44	387
44	476
44	500
45	12
45	44
45	49
45	90
45	140
45	160
45	192
45	284
45	320
45	339
45	365
45	388
45	477
45	501
46	13
46	45
46	50
46	91
46	141
46	161
46	193
46	285
46	321
46	340
46	366
46	389
46	478
46	502
47	14
47	46
47	51
47	92
47	142
47	162
47	194
47	286
47	322
47	341
47	367
47	390
47	479
47	503
48	17
48	61
48	99
48	136
48	155
48	187
48	235
48	290
48	341
48	373
48	401
48	428
48	480
48	504
49	18
49	62
49	100
49	137
49	156
49	188
49	236
49	291
49	342
49	374
49	402
49	429
49	481
49	505
50	19
50	63
50	101
50	138
50	157
50	189
50	237
50	292
50	343
50	375
50	403
50	430
50	482
50	506
51	20
51	64
51	102
51	139
51	158
51	190
51	238
51	293
51	344
51	376
51	404
51	431
51	483
51	507
52	21
52	65
52	103
52	140
52	159
52	191
52	239
52	294
52	345
52	377
52	405
52	408
52	484
52	508
53	22
53	66
53	104
53	141
53	160
53	168
53	216
53	295
53	346
53	378
53	406
53	409
53	485
53	509
54	23
54	67
54	105
54	142
54	161
54	169
54	217
54	296
54	347
54	379
54	407
54	410
54	486
54	510
55	0
55	68
55	106
55	143
55	162
55	170
55	218
55	297
55	348
55	380
55	384
55	411
55	487
55	511
56	1
56	69
56	107
56	120
56	163
56	171
56	219
56	298
56	349
56	381
56	385
56	412
56	488
56	512
57	2
57	70
57	108
57	121
57	164
57	172
57	220
57	299
57	350
57	382
57	386
57	413
57	489
57	513
58	3
58	71
58	109
58	122
58	165
58	173
58	221
58	300
58	351
58	383
58	387
58	414
58	490
58	514
59	4
59	48
59	110
59	123
59	166
59	174
59	222
59	301
59	352
59	360
59	388
59	415
59	491
59	515
60	5
60	49
60	111
60	124
60	167
60	175
60	223
60	302
60	353
60	361
60	389
60	416
60	492
60	516
61	6
61	50
61	112
61	125
61	144
61	176
61	224
61	303
61	354
61	362
61	390
61	417
61	493
61	517
62	7
62	51
62	113
62	126
62	145
62	177
62	225
62	304
62	355
62	363
62	391
62	418
62	494
62	518
63	8
63	52
63	114
63	127
63	146
63	178
63	226
63	305
63	356
63	364
63	392
63	419
63	495
63	519
64	9
64	53
64	115
64	128
64	147
64	179
64	227
64	306
64	357
64	365
64	393
64	420
64	496
64	520
65	10
65	54
65	116
65	129
65	148
65	180
65	228
65	307
65	358
65	366
65	394
65	421
65	497
65	521
66	11
66	55
66	117
66	130
66	149
66	181
66	229
66	308
66	359
66	367
66	395
66	422
66	498
66	522
67	12
67	56
67	118
67	131
67	150
67	182
67	230
67	309
67	336
67	368
67	396
67	423
67	499
67	523
68	13
68	57
68	119
68	132
68	151
68	183
68	231
68	310
68	337
68	369
68	397
68	424
68	500
68	524
69	14
69	58
69	96
69	133
69	152
69	184
69	232
69	311
69	338
69	370
69	398
69	425
69	501
69	525
70	15
70	59
70	97
70	134
70	153
70	185
70	233
70	288
70	339
70	371
70	399
70	426
70	502
70	526
71	16
71	60
71	98
71	135
71	154
71	186
71	234
71	289
71	340
71	372
71	400
71	427
71	503
71	527
72	9
72	39
72	88
72	98
72	138
72	155
72	184
72	225
72	255
72	274
72	407
72	416
72	432
72	504
72	528
73	10
73	40
73	89
73	99
73	139
73	156
73	185
73	226
73	256
73	275
73	384
73	417
73	433
73	505
73	529
74	11
74	41
74	90
74	100
74	140
74	157
74	186
74	227
74	257
74	276
74	385
74	418
74	434
74	506
74	530
75	12
75	42
75	91
75	101
75	141
75	158
75	187
75	228
75	258
75	277
75	386
75	419
75	435
75	507
75	531
76	13
76	43
76	92
76	102
76	142
76	159
76	188
76	229
76	259
76	278
76	387
76	420
76	436
76	508
76	532
77	14
77	44
77	93
77	103
77	143
77	160
77	189
77	230
77	260
77	279
77	388
77	421
77	437
77	509
77	533
78	15
78	45
78	94
78	104
78	120
78	161
78	190
78	231
78	261
78	280
78	389
78	422
78	438
78	510
78	534
79	16
79	46
79	95
79	105
79	121
79	162
79	191
79	232
79	262
79	281
79	390
79	423
79	439
79	511
79	535
80	17
80	47
80	72
80	106
80	122
80	163
80	168
80	233
80	263
80	282
80	391
80	424
80	440
80	512
80	536
81	18
81	24
81	73
81	107
81	123
81	164
81	169
81	234
81	240
81	283
81	392
81	425
81	441
81	513
81	537
82	19
82	25
82	74
82	108
82	124
82	165
82	170
82	235
82	241
82	284
82	393
82	426
82	442
82	514
82	538
83	20
83	26
83	75
83	109
83	125
83	166
83	171
83	236
83	242
83	285
83	394
83	427
83	443
83	515
83	539
84	21
84	27
84	76
84	110
84	126
84	167
84	172
84	237
84	243
84	286
84	395
84	428
84	444
84	516
84	540
85	22
85	28
85	77
85	111
85	127
85	144
85	173
85	238
85	244
85	287
85	396
85	429
85	445
85	517
85	541
86	23
86	29
86	78
86	112
86	128
86	145
86	174
86	239
86	245
86	264
86	397
86	430
86	446
86	518
86	542
87	0
87	30
87	79
87	113
87	129
87	146
87	175
87	216
87	246
87	265
87	398
87	431
87	447
87	519
87	543
88	1
88	31
88	80
88	114
88	130
88	147
88	176
88	217
88	247
88	266
88	399
88	408
88	448
88	520
88	544
89	2
89	32
89	81
89	115
89	131
89	148
89	177
89	218
89	248
89	267
89	400
89	409
89	449
89	521
89	545
90	3
90	33
90	82
90	116
90	132
90	149
90	178
90	219
90	249
90	268
90	401
90	410
90	450
90	522
90	546
91	4
91	34
91	83
91	117
91	133
91	150
91	179
91	220
91	250
91	269
91	402
91	411
91	451
91	523
91	547
92	5
92	35
92	84
92	118
92	134
92	151
92	180
92	221
92	251
92	270
92	403
92	412
92	452
92	524
92	548
93	6
93	36
93	85
93	119
93	135
93	152
93	181
93	222
93	252
93	271
93	404
93	413
93	453
93	525
93	549
94	7
94	37
94	86
94	96
94	136
94	153
94	182
94	223
94	253
94	272
94	405
94	414
94	454
94	526
94	550
95	8
95	38
95	87
95	97
95	137
95	154
95	183
95	224
95	254
95	273
95	406
95	415
95	455
95	527
95	551
96	104
96	133
96	157
96	188
96	215
96	221
96	241
96	276
96	294
96	334
96	347
96	365
96	528
96	552
97	105
97	134
97	158
97	189
97	192
97	222
97	242
97	277
97	295
97	335
97	348
97	366
97	529
97	553
98	106
98	135
98	159
98	190
98	193
98	223
98	243
98	278
98	296
98	312
98	349
98	367
98	530
98	554
99	107
99	136
99	160
99	191
99	194
99	224
99	244
99	279
99	297
99	313
99	350
99	368
99	531
99	555
100	108
100	137
100	161
100	168
100	195
100	225
100	245
100	280
100	298
100	314
100	351
100	369
100	532
100	556
101	109
101	138
101	162
101	169
101	196
101	226
101	246
101	281
101	299
101	315
101	352
101	370
101	533
101	557
102	110
102	139
102	163
102	170
102	197
102	227
102	247
102	282
102	300
102	316
102	353
102	371
102	534
102	558
103	111
103	140
103	164
103	171
103	198
103	228
103	248
103	283
103	301
103	317
103	354
103	372
103	535
103	559
104	112
104	141
104	165
104	172
104	199
104	229
104	249
104	284
104	302
104	318
104	355
104	373
104	536
104	560
105	113
105	142
105	166
105	173
105	200
105	230
105	250
105	285
105	303
105	319
105	356
105	374
105	537
105	561
106	114
106	143
106	167
106	174
106	201
106	231
106	251
106	286
106	304
106	320
106	357
106	375
106	538
106	562
107	115
107	120
107	144
107	175
107	202
107	232
107	252
107	287
107	305
107	321
107	358
107	376
107	539
107	563
108	116
108	121
108	145
108	176
108	203
108	233
108	253
108	264
108	306
108	322
108	359
108	377
108	540
108	564
109	117
109	122
109	146
109	177
109	204
109	234
109	254
109	265
109	307
109	323
109	336
109	378
109	541
109	565
110	118
110	123
110	147
110	178
110	205
110	235
110	255
110	266
110	308
110	324
110	337
110	379
110	542
110	566
111	119
111	124
111	148
111	179
111	206
111	236
111	256
111	267
111	309
111	325
111	338
111	380
111	543
111	567
112	96
112	125
112	149
112	180
112	207
112	237
112	257
112	268
112	310
112	326
112	339
112	381
112	544
112	568
113	97
113	126
113	150
113	181
113	208
113	238
113	258
113	269
113	311
113	327
113	340
113	382
113	545
113	569
114	98
114	127
114	151
114	182
114	209
114	239
114	259
114	270
114	288
114	328
114	341
114	383
114	546
114	570
115	99
115	128
115	152
115	183
115	210
115	216
115	260
115	271
115	289
115	329
115	342
115	360
115	547
115	571
116	100
116	129
116	153
116	184
116	211
116	217
116	261
116	272
116	290
116	330
116	343
116	361
116	548
116	572
117	101
117	130
117	154
117	185
117	212
117	218
117	262
117	273
117	291
117	331
117	344
117	362
117	549
117	573
118	102
118	131
118	155
118	186
118	213
118	219
118	263
118	274
118	292
118	332
118	345
118	363
118	550
118	574
119	103
119	132
119	156
119	187
119	214
119	220
119	240
119	275
119	293
119	333
119	346
119	364
119	551
119	575
120	39
120	55
120	94
120	101
120	193
120	226
120	254
120	268
120	305
120	325
120	390
120	414
120	444
120	552
121	40
121	56
121	95
121	102
121	194
121	227
121	255
121	269
121	306
121	326
121	391
121	415
121	445
121	553
122	41
122	57
122	72
122	103
122	195
122	228
122	256
122	270
122	307
122	327
122	392
122	416
122	446
122	554
123	42
123	58
123	73
123	104
123	196
123	229
123	257
123	271
123	308
123	328
123	393
123	417
123	447
123	555
124	43
124	59
124	74
124	105
124	197
124	230
124	258
124	272
124	309
124	329
124	394
124	418
124	448
124	556
125	44
125	60
125	75
125	106
125	198
125	231
125	259
125	273
125	310
125	330
125	395
125	419
125	449
125	557
126	45
126	61
126	76
126	107
126	199
126	232
126	260
126	274
126	311
126	331
126	396
126	420
126	450
126	558
127	46
127	62
127	77
127	108
127	200
127	233
127	261
127	275
127	288
127	332
127	397
127	421
127	451
127	559
128	47
128	63
128	78
128	109
128	201
128	234
128	262
128	276
128	289
128	333
128	398
128	422
128	452
128	560
129	24
129	64
129	79
129	110
129	202
129	235
129	263
129	277
129	290
129	334
129	399
129	423
129	453
129	561
130	25
130	65
130	80
130	111
130	203
130	236
130	240
130	278
130	291
130	335
130	400
130	424
130	454
130	562
131	26
131	66
131	81
131	112
131	204
131	237
131	241
131	279
131	292
131	312
131	401
131	425
131	455
131	563
132	27
132	67
132	82
132	113
132	205
132	238
132	242
132	280
132	293
132	313
132	402
132	426
132	432
132	564
133	28
133	68
133	83
133	114
133	206
133	239
133	243
133	281
133	294
133	314
133	403
133	427
133	433
133	565
134	29
134	69
134	84
134	115
134	207
134	216
134	244
134	282
134	295
134	315
134	404
134	428
134	434
134	566
135	30
135	70
135	85
135	116
135	208
135	217
135	245
135	283
135	296
135	316
135	405
135	429
135	435
135	567
136	31
136	71
136	86
136	117
136	209
136	218
136	246
136	284
136	297
136	317
136	406
136	430
136	436
136	568
137	32
137	48
137	87
137	118
137	210
137	219
137	247
137	285
137	298
137	318
137	407
137	431
137	437
137	569
138	33
138	49
138	88
138	119
138	211
138	220
138	248
138	286
138	299
138	319
138	384
138	408
138	438
138	570
139	34
139	50
139	89
139	96
139	212
139	221
139	249
139	287
139	300
139	320
139	385
139	409
139	439
139	571
140	35
140	51
140	90
140	97
140	213
140	222
140	250
140	264
140	301
140	321
140	386
140	410
140	440
140	572
141	36
141	52
141	91
141	98
141	214
141	223
141	251
141	265
141	302
141	322
141	387
141	411
141	441
141	573
142	37
142	53
142	92
142	99
142	215
142	224
142	252
142	266
142	303
142	323
142	388
142	412
142	442
142	574
143	38
143	54
143	93
143	100
143	192
143	225
143	253
143	267
143	304
143	324
143	389
143	413
143	443
143	575
