0	6
0	70
0	167
0	283
0	324
0	435
0	495
0	655
0	771
0	1246
0	1297
0	1371
0	1409
0	1476
0	1944
1	7
1	71
1	168
1	284
1	325
1	436
1	496
1	656
1	772
1	1247
1	1298
1	1372
1	1410
1	1477
1	1945
2	8
2	72
2	169
2	285
2	326
2	437
2	497
2	657
2	773
2	1248
2	1299
2	1373
2	1411
2	1478
2	1946
3	9
3	73
3	170
3	286
3	327
3	438
3	498
3	658
3	774
3	1249
3	1300
3	1374
3	1412
3	1479
3	1947
4	10
4	74
4	171
4	287
4	328
4	439
4	499
4	659
4	775
4	1250
4	1301
4	1375
4	1413
4	1480
4	1948
5	11
5	75
5	172
5	288
5	329
5	440
5	500
5	660
5	776
5	1251
5	1302
5	1376
5	1414
5	1481
5	1949
6	12
6	76
6	173
6	289
6	330
6	441
6	501
6	661
6	777
6	1252
6	1303
6	1377
6	1415
6	1482
6	1950
7	13
7	77
7	174
7	290
7	331
7	442
7	502
7	662
7	778
7	1253
7	1304
7	1378
7	1416
7	1483
7	1951
8	14
8	78
8	175
8	291
8	332
8	443
8	503
8	663
8	779
8	1254
8	1305
8	1379
8	1417
8	1484
8	1952
9	15
9	79
9	176
9	292
9	333
9	444
9	504
9	664
9	780
9	1255
9	1306
9	1380
9	1418
9	1485
9	1953
10	16
10	80
10	177
10	293
10	334
10	445
10	505
10	665
10	781
10	1256
10	1307
10	1381
10	1419
10	1486
10	1954
11	17
11	81
11	178
11	294
11	335
11	446
11	506
11	666
11	782
11	1257
11	1308
11	1382
11	1420
11	1487
11	1955
12	18
12	82
12	179
12	295
12	336
12	447
12	507
12	667
12	783
12	1258
12	1309
12	1383
12	1421
12	1488
12	1956
13	19
13	83
13	180
13	296
13	337
13	448
13	508
13	668
13	784
13	1259
13	1310
13	1384
13	1422
13	1489
13	1957
14	20
14	84
14	181
14	297
14	338
14	449
14	509
14	669
14	785
14	1260
14	1311
14	1385
14	1423
14	1490
14	1958
15	21
15	85
15	182
15	298
15	339
15	450
15	510
15	670
15	786
15	1261
15	1312
15	1386
15	1424
15	1491
15	1959
16	22
16	86
16	183
16	299
16	340
16	451
16	511
16	671
16	787
16	1262
16	1313
16	1387
16	1425
16	1492
16	1960
17	23
17	87
17	184
17	300
17	341
17	452
17	512
17	672
17	788
17	1263
17	1314
17	1388
17	1426
17	1493
17	1961
18	24
18	88
18	185
18	301
18	342
18	453
18	513
18	673
18	789
18	1264
18	1315
18	1389
18	1427
18	1494
18	1962
19	25
19	89
19	186
19	302
19	343
19	454
19	514
19	674
19	790
19	1265
19	1316
19	1390
19	1428
19	1495
19	1963
20	26
20	90
20	187
20	303
20	344
20	455
20	515
20	675
20	791
20	1266
20	1317
20	1391
20	1429
20	1496
20	1964
21	27
21	91
21	188
21	304
21	345
21	456
21	516
21	676
21	792
21	1267
21	1318
21	1392
21	1430
21	1497
21	1965
22	28
22	92
22	189
22	305
22	346
22	457
22	517
22	677
22	793
22	1268
22	1319
22	1393
22	1431
22	1498
22	1966
23	29
23	93
23	190
23	306
23	347
23	458
23	518
23	678
23	794
23	1269
23	1320
23	1394
23	1432
23	1499
23	1967
24	30
24	94
24	191
24	307
24	348
24	459
24	519
24	679
24	795
24	1270
24	1321
24	1395
24	1433
24	1500
24	1968
25	31
25	95
25	192
25	308
25	349
25	460
25	520
25	680
25	796
25	1271
25	1322
25	1396
25	1434
25	1501
25	1969
26	32
26	96
26	193
26	309
26	350
26	461
26	521
26	681
26	797
26	1272
26	1323
26	1397
26	1435
26	1502
26	1970
27	33
27	97
27	194
27	310
27	351
27	462
27	522
27	682
27	798
27	1273
27	1324
27	1398
27	1436
27	1503
27	1971
28	34
28	98
28	195
28	311
28	352
28	463
28	523
28	683
28	799
28	1274
28	1325
28	1399
28	1437
28	1504
28	1972
29	35
29	99
29	196
29	312
29	353
29	464
29	524
29	684
29	800
29	1275
29	1326
29	1400
29	1438
29	1505
29	1973
30	36
30	100
30	197
30	313
30	354
30	465
30	525
30	685
30	801
30	1276
30	1327
30	1401
30	1439
30	1506
30	1974
31	37
31	101
31	198
31	314
31	355
31	466
31	526
31	686
31	802
31	1277
31	1328
31	1402
31	1440
31	1507
31	1975
32	38
32	102
32	199
32	315
32	356
32	467
32	527
32	687
32	803
32	1278
32	1329
32	1403
32	1441
32	1508
32	1976
33	39
33	103
33	200
33	316
33	357
33	468
33	528
33	688
33	804
33	1279
33	1330
33	1350
33	1442
33	1509
33	1977
34	40
34	104
34	201
34	317
34	358
34	469
34	529
34	689
34	805
34	1280
34	1331
34	1351
34	1443
34	1510
34	1978
35	41
35	105
35	202
35	318
35	359
35	470
35	530
35	690
35	806
35	1281
35	1332
35	1352
35	1444
35	1511
35	1979
36	42
36	106
36	203
36	319
36	360
36	471
36	531
36	691
36	807
36	1282
36	1333
36	1353
36	1445
36	1458
36	1980
37	43
37	107
37	204
37	320
37	361
37	472
37	532
37	692
37	808
37	1283
37	1334
37	1354
37	1446
37	1459
37	1981
38	44
38	54
38	205
38	321
38	362
38	473
38	533
38	693
38	809
38	1284
38	1335
38	1355
38	1447
38	1460
38	1982
39	45
39	55
39	206
39	322
39	363
39	474
39	534
39	694
39	756
39	1285
39	1336
39	1356
39	1448
39	1461
39	1983
40	46
40	56
40	207
40	323
40	364
40	475
40	535
40	695
40	757
40	1286
40	1337
40	1357
40	1449
40	1462
40	1984
41	47
41	57
41	208
41	270
41	365
41	476
41	536
41	696
41	758
41	1287
41	1338
41	1358
41	1450
41	1463
41	1985
42	48
42	58
42	209
42	271
42	366
42	477
42	537
42	697
42	759
42	1288
42	1339
42	1359
42	1451
42	1464
42	1986
43	49
43	59
43	210
43	272
43	367
43	478
43	538
43	698
43	760
43	1289
43	1340
43	1360
43	1452
43	1465
43	1987
44	50
44	60
44	211
44	273
44	368
44	479
44	539
44	699
44	761
44	1290
44	1341
44	1361
44	1453
44	1466
44	1988
45	51
45	61
45	212
45	274
45	369
45	480
45	486
45	700
45	762
45	1291
45	1342
45	1362
45	1454
45	1467
45	1989
46	52
46	62
46	213
46	275
46	370
46	481
46	487
46	701
46	763
46	1292
46	1343
46	1363
46	1455
46	1468
46	1990
47	53
47	63
47	214
47	276
47	371
47	482
47	488
47	648
47	764
47	1293
47	1344
47	1364
47	1456
47	1469
47	1991
48	0
48	64
48	215
48	277
48	372
48	483
48	489
48	649
48	765
48	1294
48	1345
48	1365
48	1457
48	1470
48	1992
49	1
49	65
49	162
49	278
49	373
49	484
49	490
49	650
49	766
49	1295
49	1346
49	1366
49	1404
49	1471
49	1993
50	2
50	66
50	163
50	279
50	374
50	485
50	491
50	651
50	767
50	1242
50	1347
50	1367
50	1405
50	1472
50	1994
51	3
51	67
51	164
51	280
51	375
51	432
51	492
51	652
51	768
51	1243
51	1348
51	1368
51	1406
51	1473
51	1995
52	4
52	68
52	165
52	281
52	376
52	433
52	493
52	653
52	769
52	1244
52	1349
52	1369
52	1407
52	1474
52	1996
53	5
53	69
53	166
53	282
53	377
53	434
53	494
53	654
53	770
53	1245
53	1296
53	1370
53	1408
53	1475
53	1997
54	14
54	237
54	282
54	327
54	383
54	505
54	706
54	920
54	1303
54	1371
54	1408
54	1465
54	1519
54	1944
55	15
55	238
55	283
55	328
55	384
55	506
55	707
55	921
55	1304
55	1372
55	1409
55	1466
55	1520
55	1945
56	16
56	239
56	284
56	329
56	385
56	507
56	708
56	922
56	1305
56	1373
56	1410
56	1467
56	1521
56	1946
57	17
57	240
57	285
57	330
57	386
57	508
57	709
57	923
57	1306
57	1374
57	1411
57	1468
57	1522
57	1947
58	18
58	241
58	286
58	331
58	387
58	509
58	710
58	924
58	1307
58	1375
58	1412
58	1469
58	1523
58	1948
59	19
59	242
59	287
59	332
59	388
59	510
59	711
59	925
59	1308
59	1376
59	1413
59	1470
59	1524
59	1949
60	20
60	243
60	288
60	333
60	389
60	511
60	712
60	926
60	1309
60	1377
60	1414
60	1471
60	1525
60	1950
61	21
61	244
61	289
61	334
61	390
61	512
61	713
61	927
61	1310
61	1378
61	1415
61	1472
61	1526
61	1951
62	22
62	245
62	290
62	335
62	391
62	513
62	714
62	928
62	1311
62	1379
62	1416
62	1473
62	1527
62	1952
63	23
63	246
63	291
63	336
63	392
63	514
63	715
63	929
63	1312
63	1380
63	1417
63	1474
63	1528
63	1953
64	24
64	247
64	292
64	337
64	393
64	515
64	716
64	930
64	1313
64	1381
64	1418
64	1475
64	1529
64	1954
65	25
65	248
65	293
65	338
65	394
65	516
65	717
65	931
65	1314
65	1382
65	1419
65	1476
65	1530
65	1955
66	26
66	249
66	294
66	339
66	395
66	517
66	718
66	932
66	1315
66	1383
66	1420
66	1477
66	1531
66	1956
67	27
67	250
67	295
67	340
67	396
67	518
67	719
67	933
67	1316
67	1384
67	1421
67	1478
67	1532
67	1957
68	28
68	251
68	296
68	341
68	397
68	519
68	720
68	934
68	1317
68	1385
68	1422
68	1479
68	1533
68	1958
69	29
69	252
69	297
69	342
69	398
69	520
69	721
69	935
69	1318
69	1386
69	1423
69	1480
69	1534
69	1959
70	30
70	253
70	298
70	343
70	399
70	521
70	722
70	936
70	1319
70	1387
70	1424
70	1481
70	1535
70	1960
71	31
71	254
71	299
71	344
71	400
71	522
71	723
71	937
71	1320
71	1388
71	1425
71	1482
71	1536
71	1961
72	32
72	255
72	300
72	345
72	401
72	523
72	724
72	938
72	1321
72	1389
72	1426
72	1483
72	1537
72	1962
73	33
73	256
73	301
73	346
73	402
73	524
73	725
73	939
73	1322
73	1390
73	1427
73	1484
73	1538
73	1963
74	34
74	257
74	302
74	347
74	403
74	525
74	726
74	940
74	1323
74	1391
74	1428
74	1485
74	1539
74	1964
75	35
75	258
75	303
75	348
75	404
75	526
75	727
75	941
75	1324
75	1392
75	1429
75	1486
75	1540
75	1965
76	36
76	259
76	304
76	349
76	405
76	527
76	728
76	942
76	1325
76	1393
76	1430
76	1487
76	1541
76	1966
77	37
77	260
77	305
77	350
77	406
77	528
77	729
77	943
77	1326
77	1394
77	1431
77	1488
77	1542
77	1967
78	38
78	261
78	306
78	351
78	407
78	529
78	730
78	944
78	1327
78	1395
78	1432
78	1489
78	1543
78	1968
79	39
79	262
79	307
79	352
79	408
79	530
79	731
79	945
79	1328
79	1396
79	1433
79	1490
79	1544
79	1969
80	40
80	263
80	308
80	353
80	409
80	531
80	732
80	946
80	1329
80	1397
80	1434
80	1491
80	1545
80	1970
81	41
81	264
81	309
81	354
81	410
81	532
81	733
81	947
81	1330
81	1398
81	1435
81	1492
81	1546
81	1971
82	42
82	265
82	310
82	355
82	411
82	533
82	734
82	948
82	1331
82	1399
82	1436
82	1493
82	1547
82	1972
83	43
83	266
83	311
83	356
83	412
83	534
83	735
83	949
83	1332
83	1400
83	1437
83	1494
83	1548
83	1973
84	44
84	267
84	312
84	357
84	413
84	535
84	736
84	950
84	1333
84	1401
84	1438
84	1495
84	1549
84	1974
85	45
85	268
85	313
85	358
85	414
85	536
85	737
85	951
85	1334
85	1402
85	1439
85	1496
85	1550
85	1975
86	46
86	269
86	314
86	359
86	415
86	537
86	738
86	952
86	1335
86	1403
86	1440
86	1497
86	1551
86	1976
87	47
87	216
87	315
87	360
87	416
87	538
87	739
87	953
87	1336
87	1350
87	1441
87	1498
87	1552
87	1977
88	48
88	217
88	316
88	361
88	417
88	539
88	740
88	954
88	1337
88	1351
88	1442
88	1499
88	1553
88	1978
89	49
89	218
89	317
89	362
89	418
89	486
89	741
89	955
89	1338
89	1352
89	1443
89	1500
89	1554
89	1979
90	50
90	219
90	318
90	363
90	419
90	487
90	742
90	956
90	1339
90	1353
90	1444
90	1501
90	1555
90	1980
91	51
91	220
91	319
91	364
91	420
91	488
91	743
91	957
91	1340
91	1354
91	1445
91	1502
91	1556
91	1981
92	52
92	221
92	320
92	365
92	421
92	489
92	744
92	958
92	1341
92	1355
92	1446
92	1503
92	1557
92	1982
93	53
93	222
93	321
93	366
93	422
93	490
93	745
93	959
93	1342
93	1356
93	1447
93	1504
93	1558
93	1983
94	0
94	223
94	322
94	367
94	423
94	491
94	746
94	960
94	1343
94	1357
94	1448
94	1505
94	1559
94	1984
95	1
95	224
95	323
95	368
95	424
95	492
95	747
95	961
95	1344
95	1358
95	1449
95	1506
95	1560
95	1985
96	2
96	225
96	270
96	369
96	425
96	493
96	748
96	962
96	1345
96	1359
96	1450
96	1507
96	1561
96	1986
97	3
97	226
97	271
97	370
97	426
97	494
97	749
97	963
97	1346
97	1360
97	1451
97	1508
97	1562
97	1987
98	4
98	227
98	272
98	371
98	427
98	495
98	750
98	964
98	1347
98	1361
98	1452
98	1509
98	1563
98	1988
99	5
99	228
99	273
99	372
99	428
99	496
99	751
99	965
99	1348
99	1362
99	1453
99	1510
99	1564
99	1989
100	6
100	229
100	274
100	373
100	429
100	497
100	752
100	966
100	1349
100	1363
100	1454
100	1511
100	1565
100	1990
101	7
101	230
101	275
101	374
101	430
101	498
101	753
101	967
101	1296
101	1364
101	1455
101	1458
101	1512
101	1991
102	8
102	231
102	276
102	375
102	431
102	499
102	754
102	968
102	1297
102	1365
102	1456
102	1459
102	1513
102	1992
103	9
103	232
103	277
103	376
103	378
103	500
103	755
103	969
103	1298
103	1366
103	1457
103	1460
103	1514
103	1993
104	10
104	233
104	278
104	377
104	379
104	501
104	702
104	970
104	1299
104	1367
104	1404
104	1461
104	1515
104	1994
105	11
105	234
105	279
105	324
105	380
105	502
105	703
105	971
105	1300
105	1368
105	1405
105	1462
105	1516
105	1995
106	12
106	235
106	280
106	325
106	381
106	503
106	704
106	918
106	1301
106	1369
106	1406
106	1463
106	1517
106	1996
107	13
107	236
107	281
107	326
107	382
107	504
107	705
107	919
107	1302
107	1370
107	1407
107	1464
107	1518
107	1997
108	1
108	131
108	182
108	270
108	337
108	386
108	708
108	757
108	1205
108	1365
108	1404
108	1464
108	1523
108	1579
108	1944
109	2
109	132
109	183
109	271
109	338
109	387
109	709
109	758
109	1206
109	1366
109	1405
109	1465
109	1524
109	1580
109	1945
110	3
110	133
110	184
110	272
110	339
110	388
110	710
110	759
110	1207
110	1367
110	1406
110	1466
110	1525
110	1581
110	1946
111	4
111	134
111	185
111	273
111	340
111	389
111	711
111	760
111	1208
111	1368
111	1407
111	1467
111	1526
111	1582
111	1947
112	5
112	135
112	186
112	274
112	341
112	390
112	712
112	761
112	1209
112	1369
112	1408
112	1468
112	1527
112	1583
112	1948
113	6
113	136
113	187
113	275
113	342
113	391
113	713
113	762
113	1210
113	1370
113	1409
113	1469
113	1528
113	1584
113	1949
114	7
114	137
114	188
114	276
114	343
114	392
114	714
114	763
114	1211
114	1371
114	1410
114	1470
114	1529
114	1585
114	1950
115	8
115	138
115	189
115	277
115	344
115	393
115	715
115	764
115	1212
115	1372
115	1411
115	1471
115	1530
115	1586
115	1951
116	9
116	139
116	190
116	278
116	345
116	394
116	716
116	765
116	1213
116	1373
116	1412
116	1472
116	1531
116	1587
116	1952
117	10
117	140
117	191
117	279
117	346
117	395
117	717
117	766
117	1214
117	1374
117	1413
117	1473
117	1532
117	1588
117	1953
118	11
118	141
118	192
118	280
118	347
118	396
118	718
118	767
118	1215
118	1375
118	1414
118	1474
118	1533
118	1589
118	1954
119	12
119	142
119	193
119	281
119	348
119	397
119	719
119	768
119	1216
119	1376
119	1415
119	1475
119	1534
119	1590
119	1955
120	13
120	143
120	194
120	282
120	349
120	398
120	720
120	769
120	1217
120	1377
120	1416
120	1476
120	1535
120	1591
120	1956
121	14
121	144
121	195
121	283
121	350
121	399
121	721
121	770
121	1218
121	1378
121	1417
121	1477
121	1536
121	1592
121	1957
122	15
122	145
122	196
122	284
122	351
122	400
122	722
122	771
122	1219
122	1379
122	1418
122	1478
122	1537
122	1593
122	1958
123	16
123	146
123	197
123	285
123	352
123	401
123	723
123	772
123	1220
123	1380
123	1419
123	1479
123	1538
123	1594
123	1959
124	17
124	147
124	198
124	286
124	353
124	402
124	724
124	773
124	1221
124	1381
124	1420
124	1480
124	1539
124	1595
124	1960
125	18
125	148
125	199
125	287
125	354
125	403
125	725
125	774
125	1222
125	1382
125	1421
125	1481
125	1540
125	1596
125	1961
126	19
126	149
126	200
126	288
126	355
126	404
126	726
126	775
126	1223
126	1383
126	1422
126	1482
126	1541
126	1597
126	1962
127	20
127	150
127	201
127	289
127	356
127	405
127	727
127	776
127	1224
127	1384
127	1423
127	1483
127	1542
127	1598
127	1963
128	21
128	151
128	202
128	290
128	357
128	406
128	728
128	777
128	1225
128	1385
128	1424
128	1484
128	1543
128	1599
128	1964
129	22
129	152
129	203
129	291
129	358
129	407
129	729
129	778
129	1226
129	1386
129	1425
129	1485
129	1544
129	1600
129	1965
130	23
130	153
130	204
130	292
130	359
130	408
130	730
130	779
130	1227
130	1387
130	1426
130	1486
130	1545
130	1601
130	1966
131	24
131	154
131	205
131	293
131	360
131	409
131	731
131	780
131	1228
131	1388
131	1427
131	1487
131	1546
131	1602
131	1967
132	25
132	155
132	206
132	294
132	361
132	410
132	732
132	781
132	1229
132	1389
132	1428
132	1488
132	1547
132	1603
132	1968
133	26
133	156
133	207
133	295
133	362
133	411
133	733
133	782
133	1230
133	1390
133	1429
133	1489
133	1548
133	1604
133	1969
134	27
134	157
134	208
134	296
134	363
134	412
134	734
134	783
134	1231
134	1391
134	1430
134	1490
134	1549
134	1605
134	1970
135	28
135	158
135	209
135	297
135	364
135	413
135	735
135	784
135	1232
135	1392
135	1431
135	1491
135	1550
135	1606
135	1971
136	29
136	159
136	210
136	298
136	365
136	414
136	736
136	785
136	1233
136	1393
136	1432
136	1492
136	1551
136	1607
136	1972
137	30
137	160
137	211
137	299
137	366
137	415
137	737
137	786
137	1234
137	1394
137	1433
137	1493
137	1552
137	1608
137	1973
138	31
138	161
138	212
138	300
138	367
138	416
138	738
138	787
138	1235
138	1395
138	1434
138	1494
138	1553
138	1609
138	1974
139	32
139	108
139	213
139	301
139	368
139	417
139	739
139	788
139	1236
139	1396
139	1435
139	1495
139	1554
139	1610
139	1975
140	33
140	109
140	214
140	302
140	369
140	418
140	740
140	789
140	1237
140	1397
140	1436
140	1496
140	1555
140	1611
140	1976
141	34
141	110
141	215
141	303
141	370
141	419
141	741
141	790
141	1238
141	1398
141	1437
141	1497
141	1556
141	1612
141	1977
142	35
142	111
142	162
142	304
142	371
142	420
142	742
142	791
142	1239
142	1399
142	1438
142	1498
142	1557
142	1613
142	1978
143	36
143	112
143	163
143	305
143	372
143	421
143	743
143	792
143	1240
143	1400
143	1439
143	1499
143	1558
143	1614
143	1979
144	37
144	113
144	164
144	306
144	373
144	422
144	744
144	793
144	1241
144	1401
144	1440
144	1500
144	1559
144	1615
144	1980
145	38
145	114
145	165
145	307
145	374
145	423
145	745
145	794
145	1188
145	1402
145	1441
145	1501
145	1560
145	1616
145	1981
146	39
146	115
146	166
146	308
146	375
146	424
146	746
146	795
146	1189
146	1403
146	1442
146	1502
146	1561
146	1617
146	1982
147	40
147	116
147	167
147	309
147	376
147	425
147	747
147	796
147	1190
147	1350
147	1443
147	1503
147	1562
147	1618
147	1983
148	41
148	117
148	168
148	310
148	377
148	426
148	748
148	797
148	1191
148	1351
148	1444
148	1504
148	1563
148	1619
148	1984
149	42
149	118
149	169
149	311
149	324
149	427
149	749
149	798
149	1192
149	1352
149	1445
149	1505
149	1564
149	1566
149	1985
150	43
150	119
150	170
150	312
150	325
150	428
150	750
150	799
150	1193
150	1353
150	1446
150	1506
150	1565
150	1567
150	1986
151	44
151	120
151	171
151	313
151	326
151	429
151	751
151	800
151	1194
151	1354
151	1447
151	1507
151	1512
151	1568
151	1987
152	45
152	121
152	172
152	314
152	327
152	430
152	752
152	801
152	1195
152	1355
152	1448
152	1508
152	1513
152	1569
152	1988
153	46
153	122
153	173
153	315
153	328
153	431
153	753
153	802
153	1196
153	1356
153	1449
153	1509
153	1514
153	1570
153	1989
154	47
154	123
154	174
154	316
154	329
154	378
154	754
154	803
154	1197
154	1357
154	1450
154	1510
154	1515
154	1571
154	1990
155	48
155	124
155	175
155	317
155	330
155	379
155	755
155	804
155	1198
155	1358
155	1451
155	1511
155	1516
155	1572
155	1991
156	49
156	125
156	176
156	318
156	331
156	380
156	702
156	805
156	1199
156	1359
156	1452
156	1458
156	1517
156	1573
156	1992
157	50
157	126
157	177
157	319
157	332
157	381
157	703
157	806
157	1200
157	1360
157	1453
157	1459
157	1518
157	1574
157	1993
158	51
158	127
158	178
158	320
158	333
158	382
158	704
158	807
158	1201
158	1361
158	1454
158	1460
158	1519
158	1575
158	1994
159	52
159	128
159	179
159	321
159	334
159	383
159	705
159	808
159	1202
159	1362
159	1455
159	1461
159	1520
159	1576
159	1995
160	53
160	129
160	180
160	322
160	335
160	384
160	706
160	809
160	1203
160	1363
160	1456
160	1462
160	1521
160	1577
160	1996
161	0
161	130
161	181
161	323
161	336
161	385
161	707
161	756
161	1204
161	1364
161	1457
161	1463
161	1522
161	1578
161	1997
162	16
162	119
162	220
162	279
162	381
162	541
162	612
162	811
162	877
162	931
162	972
162	1525
162	1573
162	1632
162	1944
163	17
163	120
163	221
163	280
163	382
163	542
163	613
163	812
163	878
163	932
163	973
163	1526
163	1574
163	1633
163	1945
164	18
164	121
164	222
164	281
164	383
164	543
164	614
164	813
164	879
164	933
164	974
164	1527
164	1575
164	1634
164	1946
165	19
165	122
165	223
165	282
165	384
165	544
165	615
165	814
165	880
165	934
165	975
165	1528
165	1576
165	1635
165	1947
166	20
166	123
166	224
166	283
166	385
166	545
166	616
166	815
166	881
166	935
166	976
166	1529
166	1577
166	1636
166	1948
167	21
167	124
167	225
167	284
167	386
167	546
167	617
167	816
167	882
167	936
167	977
167	1530
167	1578
167	1637
167	1949
168	22
168	125
168	226
168	285
168	387
168	547
168	618
168	817
168	883
168	937
168	978
168	1531
168	1579
168	1638
168	1950
169	23
169	126
169	227
169	286
169	388
169	548
169	619
169	818
169	884
169	938
169	979
169	1532
169	1580
169	1639
169	1951
170	24
170	127
170	228
170	287
170	389
170	549
170	620
170	819
170	885
170	939
170	980
170	1533
170	1581
170	1640
170	1952
171	25
171	128
171	229
171	288
171	390
171	550
171	621
171	820
171	886
171	940
171	981
171	1534
171	1582
171	1641
171	1953
172	26
172	129
172	230
172	289
172	391
172	551
172	622
172	821
172	887
172	941
172	982
172	1535
172	1583
172	1642
172	1954
173	27
173	130
173	231
173	290
173	392
173	552
173	623
173	822
173	888
173	942
173	983
173	1536
173	1584
173	1643
173	1955
174	28
174	131
174	232
174	291
174	393
174	553
174	624
174	823
174	889
174	943
174	984
174	1537
174	1585
174	1644
174	1956
175	29
175	132
175	233
175	292
175	394
175	554
175	625
175	824
175	890
175	944
175	985
175	1538
175	1586
175	1645
175	1957
176	30
176	133
176	234
176	293
176	395
176	555
176	626
176	825
176	891
176	945
176	986
176	1539
176	1587
176	1646
176	1958
177	31
177	134
177	235
177	294
177	396
177	556
177	627
177	826
177	892
177	946
177	987
177	1540
177	1588
177	1647
177	1959
178	32
178	135
178	236
178	295
178	397
178	557
178	628
178	827
178	893
178	947
178	988
178	1541
178	1589
178	1648
178	1960
179	33
179	136
179	237
179	296
179	398
179	558
179	629
179	828
179	894
179	948
179	989
179	1542
179	1590
179	1649
179	1961
180	34
180	137
180	238
180	297
180	399
180	559
180	630
180	829
180	895
180	949
180	990
180	1543
180	1591
180	1650
180	1962
181	35
181	138
181	239
181	298
181	400
181	560
181	631
181	830
181	896
181	950
181	991
181	1544
181	1592
181	1651
181	1963
182	36
182	139
182	240
182	299
182	401
182	561
182	632
182	831
182	897
182	951
182	992
182	1545
182	1593
182	1652
182	1964
183	37
183	140
183	241
183	300
183	402
183	562
183	633
183	832
183	898
183	952
183	993
183	1546
183	1594
183	1653
183	1965
184	38
184	141
184	242
184	301
184	403
184	563
184	634
184	833
184	899
184	953
184	994
184	1547
184	1595
184	1654
184	1966
185	39
185	142
185	243
185	302
185	404
185	564
185	635
185	834
185	900
185	954
185	995
185	1548
185	1596
185	1655
185	1967
186	40
186	143
186	244
186	303
186	405
186	565
186	636
186	835
186	901
186	955
186	996
186	1549
186	1597
186	1656
186	1968
187	41
187	144
187	245
187	304
187	406
187	566
187	637
187	836
187	902
187	956
187	997
187	1550
187	1598
187	1657
187	1969
188	42
188	145
188	246
188	305
188	407
188	567
188	638
188	837
188	903
188	957
188	998
188	1551
188	1599
188	1658
188	1970
189	43
189	146
189	247
189	306
189	408
189	568
189	639
189	838
189	904
189	958
189	999
189	1552
189	1600
189	1659
189	1971
190	44
190	147
190	248
190	307
190	409
190	569
190	640
190	839
190	905
190	959
190	1000
190	1553
190	1601
190	1660
190	1972
191	45
191	148
191	249
191	308
191	410
191	570
191	641
191	840
191	906
191	960
191	1001
191	1554
191	1602
191	1661
191	1973
192	46
192	149
192	250
192	309
192	411
192	571
192	642
192	841
192	907
192	961
192	1002
192	1555
192	1603
192	1662
192	1974
193	47
193	150
193	251
193	310
193	412
193	572
193	643
193	842
193	908
193	962
193	1003
193	1556
193	1604
193	1663
193	1975
194	48
194	151
194	252
194	311
194	413
194	573
194	644
194	843
194	909
194	963
194	1004
194	1557
194	1605
194	1664
194	1976
195	49
195	152
195	253
195	312
195	414
195	574
195	645
195	844
195	910
195	964
195	1005
195	1558
195	1606
195	1665
195	1977
196	50
196	153
196	254
196	313
196	415
196	575
196	646
196	845
196	911
196	965
196	1006
196	1559
196	1607
196	1666
196	1978
197	51
197	154
197	255
197	314
197	416
197	576
197	647
197	846
197	912
197	966
197	1007
197	1560
197	1608
197	1667
197	1979
198	52
198	155
198	256
198	315
198	417
198	577
198	594
198	847
198	913
198	967
198	1008
198	1561
198	1609
198	1668
198	1980
199	53
199	156
199	257
199	316
199	418
199	578
199	595
199	848
199	914
199	968
199	1009
199	1562
199	1610
199	1669
199	1981
200	0
200	157
200	258
200	317
200	419
200	579
200	596
200	849
200	915
200	969
200	1010
200	1563
200	1611
200	1670
200	1982
201	1
201	158
201	259
201	318
201	420
201	580
201	597
201	850
201	916
201	970
201	1011
201	1564
201	1612
201	1671
201	1983
202	2
202	159
202	260
202	319
202	421
202	581
202	598
202	851
202	917
202	971
202	1012
202	1565
202	1613
202	1672
202	1984
203	3
203	160
203	261
203	320
203	422
203	582
203	599
203	852
203	864
203	918
203	1013
203	1512
203	1614
203	1673
203	1985
204	4
204	161
204	262
204	321
204	423
204	583
204	600
204	853
204	865
204	919
204	1014
204	1513
204	1615
204	1620
204	1986
205	5
205	108
205	263
205	322
205	424
205	584
205	601
205	854
205	866
205	920
205	1015
205	1514
205	1616
205	1621
205	1987
206	6
206	109
206	264
206	323
206	425
206	585
206	602
206	855
206	867
206	921
206	1016
206	1515
206	1617
206	1622
206	1988
207	7
207	110
207	265
207	270
207	426
207	586
207	603
207	856
207	868
207	922
207	1017
207	1516
207	1618
207	1623
207	1989
208	8
208	111
208	266
208	271
208	427
208	587
208	604
208	857
208	869
208	923
208	1018
208	1517
208	1619
208	1624
208	1990
209	9
209	112
209	267
209	272
209	428
209	588
209	605
209	858
209	870
209	924
209	1019
209	1518
209	1566
209	1625
209	1991
210	10
210	113
210	268
210	273
210	429
210	589
210	606
210	859
210	871
210	925
210	1020
210	1519
210	1567
210	1626
210	1992
211	11
211	114
211	269
211	274
211	430
211	590
211	607
211	860
211	872
211	926
211	1021
211	1520
211	1568
211	1627
211	1993
212	12
212	115
212	216
212	275
212	431
212	591
212	608
212	861
212	873
212	927
212	1022
212	1521
212	1569
212	1628
212	1994
213	13
213	116
213	217
213	276
213	378
213	592
213	609
213	862
213	874
213	928
213	1023
213	1522
213	1570
213	1629
213	1995
214	14
214	117
214	218
214	277
214	379
214	593
214	610
214	863
214	875
214	929
214	1024
214	1523
214	1571
214	1630
214	1996
215	15
215	118
215	219
215	278
215	380
215	540
215	611
215	810
215	876
215	930
215	1025
215	1524
215	1572
215	1631
215	1997
216	2
216	59
216	120
216	178
216	270
216	342
216	540
216	605
216	655
216	873
216	981
216	1041
216	1583
216	1625
216	1683
216	1944
217	3
217	60
217	121
217	179
217	271
217	343
217	541
217	606
217	656
217	874
217	982
217	1042
217	1584
217	1626
217	1684
217	1945
218	4
218	61
218	122
218	180
218	272
218	344
218	542
218	607
218	657
218	875
218	983
218	1043
218	1585
218	1627
218	1685
218	1946
219	5
219	62
219	123
219	181
219	273
219	345
219	543
219	608
219	658
219	876
219	984
219	1044
219	1586
219	1628
219	1686
219	1947
220	6
220	63
220	124
220	182
220	274
220	346
220	544
220	609
220	659
220	877
220	985
220	1045
220	1587
220	1629
220	1687
220	1948
221	7
221	64
221	125
221	183
221	275
221	347
221	545
221	610
221	660
221	878
221	986
221	1046
221	1588
221	1630
221	1688
221	1949
222	8
222	65
222	126
222	184
222	276
222	348
222	546
222	611
222	661
222	879
222	987
222	1047
222	1589
222	1631
222	1689
222	1950
223	9
223	66
223	127
223	185
223	277
223	349
223	547
223	612
223	662
223	880
223	988
223	1048
223	1590
223	1632
223	1690
223	1951
224	10
224	67
224	128
224	186
224	278
224	350
224	548
224	613
224	663
224	881
224	989
224	1049
224	1591
224	1633
224	1691
224	1952
225	11
225	68
225	129
225	187
225	279
225	351
225	549
225	614
225	664
225	882
225	990
225	1050
225	1592
225	1634
225	1692
225	1953
226	12
226	69
226	130
226	188
226	280
226	352
226	550
226	615
226	665
226	883
226	991
226	1051
226	1593
226	1635
226	1693
226	1954
227	13
227	70
227	131
227	189
227	281
227	353
227	551
227	616
227	666
227	884
227	992
227	1052
227	1594
227	1636
227	1694
227	1955
228	14
228	71
228	132
228	190
228	282
228	354
228	552
228	617
228	667
228	885
228	993
228	1053
228	1595
228	1637
228	1695
228	1956
229	15
229	72
229	133
229	191
229	283
229	355
229	553
229	618
229	668
229	886
229	994
229	1054
229	1596
229	1638
229	1696
229	1957
230	16
230	73
230	134
230	192
230	284
230	356
230	554
230	619
230	669
230	887
230	995
230	1055
230	1597
230	1639
230	1697
230	1958
231	17
231	74
231	135
231	193
231	285
231	357
231	555
231	620
231	670
231	888
231	996
231	1056
231	1598
231	1640
231	1698
231	1959
232	18
232	75
232	136
232	194
232	286
232	358
232	556
232	621
232	671
232	889
232	997
232	1057
232	1599
232	1641
232	1699
232	1960
233	19
233	76
233	137
233	195
233	287
233	359
233	557
233	622
233	672
233	890
233	998
233	1058
233	1600
233	1642
233	1700
233	1961
234	20
234	77
234	138
234	196
234	288
234	360
234	558
234	623
234	673
234	891
234	999
234	1059
234	1601
234	1643
234	1701
234	1962
235	21
235	78
235	139
235	197
235	289
235	361
235	559
235	624
235	674
235	892
235	1000
235	1060
235	1602
235	1644
235	1702
235	1963
236	22
236	79
236	140
236	198
236	290
236	362
236	560
236	625
236	675
236	893
236	1001
236	1061
236	1603
236	1645
236	1703
236	1964
237	23
237	80
237	141
237	199
237	291
237	363
237	561
237	626
237	676
237	894
237	1002
237	1062
237	1604
237	1646
237	1704
237	1965
238	24
238	81
238	142
238	200
238	292
238	364
238	562
238	627
238	677
238	895
238	1003
238	1063
238	1605
238	1647
238	1705
238	1966
239	25
239	82
239	143
239	201
239	293
239	365
239	563
239	628
239	678
239	896
239	1004
239	1064
239	1606
239	1648
239	1706
239	1967
240	26
240	83
240	144
240	202
240	294
240	366
240	564
240	629
240	679
240	897
240	1005
240	1065
240	1607
240	1649
240	1707
240	1968
241	27
241	84
241	145
241	203
241	295
241	367
241	565
241	630
241	680
241	898
241	1006
241	1066
241	1608
241	1650
241	1708
241	1969
242	28
242	85
242	146
242	204
242	296
242	368
242	566
242	631
242	681
242	899
242	1007
242	1067
242	1609
242	1651
242	1709
242	1970
243	29
243	86
243	147
243	205
243	297
243	369
243	567
243	632
243	682
243	900
243	1008
243	1068
243	1610
243	1652
243	1710
243	1971
244	30
244	87
244	148
244	206
244	298
244	370
244	568
244	633
244	683
244	901
244	1009
244	1069
244	1611
244	1653
244	1711
244	1972
245	31
245	88
245	149
245	207
245	299
245	371
245	569
245	634
245	684
245	902
245	1010
245	1070
245	1612
245	1654
245	1712
245	1973
246	32
246	89
246	150
246	208
246	300
246	372
246	570
246	635
246	685
246	903
246	1011
246	1071
246	1613
246	1655
246	1713
246	1974
247	33
247	90
247	151
247	209
247	301
247	373
247	571
247	636
247	686
247	904
247	1012
247	1072
247	1614
247	1656
247	1714
247	1975
248	34
248	91
248	152
248	210
248	302
248	374
248	572
248	637
248	687
248	905
248	1013
248	1073
248	1615
248	1657
248	1715
248	1976
249	35
249	92
249	153
249	211
249	303
249	375
249	573
249	638
249	688
249	906
249	1014
249	1074
249	1616
249	1658
249	1716
249	1977
250	36
250	93
250	154
250	212
250	304
250	376
250	574
250	639
250	689
250	907
250	1015
250	1075
250	1617
250	1659
250	1717
250	1978
251	37
251	94
251	155
251	213
251	305
251	377
251	575
251	640
251	690
251	908
251	1016
251	1076
251	1618
251	1660
251	1718
251	1979
252	38
252	95
252	156
252	214
252	306
252	324
252	576
252	641
252	691
252	909
252	1017
252	1077
252	1619
252	1661
252	1719
252	1980
253	39
253	96
253	157
253	215
253	307
253	325
253	577
253	642
253	692
253	910
253	1018
253	1078
253	1566
253	1662
253	1720
253	1981
254	40
254	97
254	158
254	162
254	308
254	326
254	578
254	643
254	693
254	911
254	1019
254	1079
254	1567
254	1663
254	1721
254	1982
255	41
255	98
255	159
255	163
255	309
255	327
255	579
255	644
255	694
255	912
255	1020
255	1026
255	1568
255	1664
255	1722
255	1983
256	42
256	99
256	160
256	164
256	310
256	328
256	580
256	645
256	695
256	913
256	1021
256	1027
256	1569
256	1665
256	1723
256	1984
257	43
257	100
257	161
257	165
257	311
257	329
257	581
257	646
257	696
257	914
257	1022
257	1028
257	1570
257	1666
257	1724
257	1985
258	44
258	101
258	108
258	166
258	312
258	330
258	582
258	647
258	697
258	915
258	1023
258	1029
258	1571
258	1667
258	1725
258	1986
259	45
259	102
259	109
259	167
259	313
259	331
259	583
259	594
259	698
259	916
259	1024
259	1030
259	1572
259	1668
259	1726
259	1987
260	46
260	103
260	110
260	168
260	314
260	332
260	584
260	595
260	699
260	917
260	1025
260	1031
260	1573
260	1669
260	1727
260	1988
261	47
261	104
261	111
261	169
261	315
261	333
261	585
261	596
261	700
261	864
261	972
261	1032
261	1574
261	1670
261	1674
261	1989
262	48
262	105
262	112
262	170
262	316
262	334
262	586
262	597
262	701
262	865
262	973
262	1033
262	1575
262	1671
262	1675
262	1990
263	49
263	106
263	113
263	171
263	317
263	335
263	587
263	598
263	648
263	866
263	974
263	1034
263	1576
263	1672
263	1676
263	1991
264	50
264	107
264	114
264	172
264	318
264	336
264	588
264	599
264	649
264	867
264	975
264	1035
264	1577
264	1673
264	1677
264	1992
265	51
265	54
265	115
265	173
265	319
265	337
265	589
265	600
265	650
265	868
265	976
265	1036
265	1578
265	1620
265	1678
265	1993
266	52
266	55
266	116
266	174
266	320
266	338
266	590
266	601
266	651
266	869
266	977
266	1037
266	1579
266	1621
266	1679
266	1994
267	53
267	56
267	117
267	175
267	321
267	339
267	591
267	602
267	652
267	870
267	978
267	1038
267	1580
267	1622
267	1680
267	1995
268	0
268	57
268	118
268	176
268	322
268	340
268	592
268	603
268	653
268	871
268	979
268	1039
268	1581
268	1623
268	1681
268	1996
269	1
269	58
269	119
269	177
269	323
269	341
269	593
269	604
269	654
269	872
269	980
269	1040
269	1582
269	1624
269	1682
269	1997
270	69
270	110
270	229
270	283
270	344
270	449
270	652
270	876
270	973
270	1038
270	1090
270	1134
270	1684
270	1729
270	1944
271	70
271	111
271	230
271	284
271	345
271	450
271	653
271	877
271	974
271	1039
271	1091
271	1135
271	1685
271	1730
271	1945
272	71
272	112
272	231
272	285
272	346
272	451
272	654
272	878
272	975
272	1040
272	1092
272	1136
272	1686
272	1731
272	1946
273	72
273	113
273	232
273	286
273	347
273	452
273	655
273	879
273	976
273	1041
273	1093
273	1137
273	1687
273	1732
273	1947
274	73
274	114
274	233
274	287
274	348
274	453
274	656
274	880
274	977
274	1042
274	1094
274	1138
274	1688
274	1733
274	1948
275	74
275	115
275	234
275	288
275	349
275	454
275	657
275	881
275	978
275	1043
275	1095
275	1139
275	1689
275	1734
275	1949
276	75
276	116
276	235
276	289
276	350
276	455
276	658
276	882
276	979
276	1044
276	1096
276	1140
276	1690
276	1735
276	1950
277	76
277	117
277	236
277	290
277	351
277	456
277	659
277	883
277	980
277	1045
277	1097
277	1141
277	1691
277	1736
277	1951
278	77
278	118
278	237
278	291
278	352
278	457
278	660
278	884
278	981
278	1046
278	1098
278	1142
278	1692
278	1737
278	1952
279	78
279	119
279	238
279	292
279	353
279	458
279	661
279	885
279	982
279	1047
279	1099
279	1143
279	1693
279	1738
279	1953
280	79
280	120
280	239
280	293
280	354
280	459
280	662
280	886
280	983
280	1048
280	1100
280	1144
280	1694
280	1739
280	1954
281	80
281	121
281	240
281	294
281	355
281	460
281	663
281	887
281	984
281	1049
281	1101
281	1145
281	1695
281	1740
281	1955
282	81
282	122
282	241
282	295
282	356
282	461
282	664
282	888
282	985
282	1050
282	1102
282	1146
282	1696
282	1741
282	1956
283	82
283	123
283	242
283	296
283	357
283	462
283	665
283	889
283	986
283	1051
283	1103
283	1147
283	1697
283	1742
283	1957
284	83
284	124
284	243
284	297
284	358
284	463
284	666
284	890
284	987
284	1052
284	1104
284	1148
284	1698
284	1743
284	1958
285	84
285	125
285	244
285	298
285	359
285	464
285	667
285	891
285	988
285	1053
285	1105
285	1149
285	1699
285	1744
285	1959
286	85
286	126
286	245
286	299
286	360
286	465
286	668
286	892
286	989
286	1054
286	1106
286	1150
286	1700
286	1745
286	1960
287	86
287	127
287	246
287	300
287	361
287	466
287	669
287	893
287	990
287	1055
287	1107
287	1151
287	1701
287	1746
287	1961
288	87
288	128
288	247
288	301
288	362
288	467
288	670
288	894
288	991
288	1056
288	1108
288	1152
288	1702
288	1747
288	1962
289	88
289	129
289	248
289	302
289	363
289	468
289	671
289	895
289	992
289	1057
289	1109
289	1153
289	1703
289	1748
289	1963
290	89
290	130
290	249
290	303
290	364
290	469
290	672
290	896
290	993
290	1058
290	1110
290	1154
290	1704
290	1749
290	1964
291	90
291	131
291	250
291	304
291	365
291	470
291	673
291	897
291	994
291	1059
291	1111
291	1155
291	1705
291	1750
291	1965
292	91
292	132
292	251
292	305
292	366
292	471
292	674
292	898
292	995
292	1060
292	1112
292	1156
292	1706
292	1751
292	1966
293	92
293	133
293	252
293	306
293	367
293	472
293	675
293	899
293	996
293	1061
293	1113
293	1157
293	1707
293	1752
293	1967
294	93
294	134
294	253
294	307
294	368
294	473
294	676
294	900
294	997
294	1062
294	1114
294	1158
294	1708
294	1753
294	1968
295	94
295	135
295	254
295	308
295	369
295	474
295	677
295	901
295	998
295	1063
295	1115
295	1159
295	1709
295	1754
295	1969
296	95
296	136
296	255
296	309
296	370
296	475
296	678
296	902
296	999
296	1064
296	1116
296	1160
296	1710
296	1755
296	1970
297	96
297	137
297	256
297	310
297	371
297	476
297	679
297	903
297	1000
297	1065
297	1117
297	1161
297	1711
297	1756
297	1971
298	97
298	138
298	257
298	311
298	372
298	477
298	680
298	904
298	1001
298	1066
298	1118
298	1162
298	1712
298	1757
298	1972
299	98
299	139
299	258
299	312
299	373
299	478
299	681
299	905
299	1002
299	1067
299	1119
299	1163
299	1713
299	1758
299	1973
300	99
300	140
300	259
300	313
300	374
300	479
300	682
300	906
300	1003
300	1068
300	1120
300	1164
300	1714
300	1759
300	1974
301	100
301	141
301	260
301	314
301	375
301	480
301	683
301	907
301	1004
301	1069
301	1121
301	1165
301	1715
301	1760
301	1975
302	101
302	142
302	261
302	315
302	376
302	481
302	684
302	908
302	1005
302	1070
302	1122
302	1166
302	1716
302	1761
302	1976
303	102
303	143
303	262
303	316
303	377
303	482
303	685
303	909
303	1006
303	1071
303	1123
303	1167
303	1717
303	1762
303	1977
304	103
304	144
304	263
304	317
304	324
304	483
304	686
304	910
304	1007
304	1072
304	1124
304	1168
304	1718
304	1763
304	1978
305	104
305	145
305	264
305	318
305	325
305	484
305	687
305	911
305	1008
305	1073
305	1125
305	1169
305	1719
305	1764
305	1979
306	105
306	146
306	265
306	319
306	326
306	485
306	688
306	912
306	1009
306	1074
306	1126
306	1170
306	1720
306	1765
306	1980
307	106
307	147
307	266
307	320
307	327
307	432
307	689
307	913
307	1010
307	1075
307	1127
307	1171
307	1721
307	1766
307	1981
308	107
308	148
308	267
308	321
308	328
308	433
308	690
308	914
308	1011
308	1076
308	1128
308	1172
308	1722
308	1767
308	1982
309	54
309	149
309	268
309	322
309	329
309	434
309	691
309	915
309	1012
309	1077
309	1129
309	1173
309	1723
309	1768
309	1983
310	55
310	150
310	269
310	323
310	330
310	435
310	692
310	916
310	1013
310	1078
310	1130
310	1174
310	1724
310	1769
310	1984
311	56
311	151
311	216
311	270
311	331
311	436
311	693
311	917
311	1014
311	1079
311	1131
311	1175
311	1725
311	1770
311	1985
312	57
312	152
312	217
312	271
312	332
312	437
312	694
312	864
312	1015
312	1026
312	1132
312	1176
312	1726
312	1771
312	1986
313	58
313	153
313	218
313	272
313	333
313	438
313	695
313	865
313	1016
313	1027
313	1133
313	1177
313	1727
313	1772
313	1987
314	59
314	154
314	219
314	273
314	334
314	439
314	696
314	866
314	1017
314	1028
314	1080
314	1178
314	1674
314	1773
314	1988
315	60
315	155
315	220
315	274
315	335
315	440
315	697
315	867
315	1018
315	1029
315	1081
315	1179
315	1675
315	1774
315	1989
316	61
316	156
316	221
316	275
316	336
316	441
316	698
316	868
316	1019
316	1030
316	1082
316	1180
316	1676
316	1775
316	1990
317	62
317	157
317	222
317	276
317	337
317	442
317	699
317	869
317	1020
317	1031
317	1083
317	1181
317	1677
317	1776
317	1991
318	63
318	158
318	223
318	277
318	338
318	443
318	700
318	870
318	1021
318	1032
318	1084
318	1182
318	1678
318	1777
318	1992
319	64
319	159
319	224
319	278
319	339
319	444
319	701
319	871
319	1022
319	1033
319	1085
319	1183
319	1679
319	1778
319	1993
320	65
320	160
320	225
320	279
320	340
320	445
320	648
320	872
320	1023
320	1034
320	1086
320	1184
320	1680
320	1779
320	1994
321	66
321	161
321	226
321	280
321	341
321	446
321	649
321	873
321	1024
321	1035
321	1087
321	1185
321	1681
321	1780
321	1995
322	67
322	108
322	227
322	281
322	342
322	447
322	650
322	874
322	1025
322	1036
322	1088
322	1186
322	1682
322	1781
322	1996
323	68
323	109
323	228
323	282
323	343
323	448
323	651
323	875
323	972
323	1037
323	1089
323	1187
323	1683
323	1728
323	1997
324	68
324	114
324	173
324	239
324	331
324	382
324	599
324	715
324	826
324	1080
324	1142
324	1247
324	1742
324	1784
324	1944
325	69
325	115
325	174
325	240
325	332
325	383
325	600
325	716
325	827
325	1081
325	1143
325	1248
325	1743
325	1785
325	1945
326	70
326	116
326	175
326	241
326	333
326	384
326	601
326	717
326	828
326	1082
326	1144
326	1249
326	1744
326	1786
326	1946
327	71
327	117
327	176
327	242
327	334
327	385
327	602
327	718
327	829
327	1083
327	1145
327	1250
327	1745
327	1787
327	1947
328	72
328	118
328	177
328	243
328	335
328	386
328	603
328	719
328	830
328	1084
328	1146
328	1251
328	1746
328	1788
328	1948
329	73
329	119
329	178
329	244
329	336
329	387
329	604
329	720
329	831
329	1085
329	1147
329	1252
329	1747
329	1789
329	1949
330	74
330	120
330	179
330	245
330	337
330	388
330	605
330	721
330	832
330	1086
330	1148
330	1253
330	1748
330	1790
330	1950
331	75
331	121
331	180
331	246
331	338
331	389
331	606
331	722
331	833
331	1087
331	1149
331	1254
331	1749
331	1791
331	1951
332	76
332	122
332	181
332	247
332	339
332	390
332	607
332	723
332	834
332	1088
332	1150
332	1255
332	1750
332	1792
332	1952
333	77
333	123
333	182
333	248
333	340
333	391
333	608
333	724
333	835
333	1089
333	1151
333	1256
333	1751
333	1793
333	1953
334	78
334	124
334	183
334	249
334	341
334	392
334	609
334	725
334	836
334	1090
334	1152
334	1257
334	1752
334	1794
334	1954
335	79
335	125
335	184
335	250
335	342
335	393
335	610
335	726
335	837
335	1091
335	1153
335	1258
335	1753
335	1795
335	1955
336	80
336	126
336	185
336	251
336	343
336	394
336	611
336	727
336	838
336	1092
336	1154
336	1259
336	1754
336	1796
336	1956
337	81
337	127
337	186
337	252
337	344
337	395
337	612
337	728
337	839
337	1093
337	1155
337	1260
337	1755
337	1797
337	1957
338	82
338	128
338	187
338	253
338	345
338	396
338	613
338	729
338	840
338	1094
338	1156
338	1261
338	1756
338	1798
338	1958
339	83
339	129
339	188
339	254
339	346
339	397
339	614
339	730
339	841
339	1095
339	1157
339	1262
339	1757
339	1799
339	1959
340	84
340	130
340	189
340	255
340	347
340	398
340	615
340	731
340	842
340	1096
340	1158
340	1263
340	1758
340	1800
340	1960
341	85
341	131
341	190
341	256
341	348
341	399
341	616
341	732
341	843
341	1097
341	1159
341	1264
341	1759
341	1801
341	1961
342	86
342	132
342	191
342	257
342	349
342	400
342	617
342	733
342	844
342	1098
342	1160
342	1265
342	1760
342	1802
342	1962
343	87
343	133
343	192
343	258
343	350
343	401
343	618
343	734
343	845
343	1099
343	1161
343	1266
343	1761
343	1803
343	1963
344	88
344	134
344	193
344	259
344	351
344	402
344	619
344	735
344	846
344	1100
344	1162
344	1267
344	1762
344	1804
344	1964
345	89
345	135
345	194
345	260
345	352
345	403
345	620
345	736
345	847
345	1101
345	1163
345	1268
345	1763
345	1805
345	1965
346	90
346	136
346	195
346	261
346	353
346	404
346	621
346	737
346	848
346	1102
346	1164
346	1269
346	1764
346	1806
346	1966
347	91
347	137
347	196
347	262
347	354
347	405
347	622
347	738
347	849
347	1103
347	1165
347	1270
347	1765
347	1807
347	1967
348	92
348	138
348	197
348	263
348	355
348	406
348	623
348	739
348	850
348	1104
348	1166
348	1271
348	1766
348	1808
348	1968
349	93
349	139
349	198
349	264
349	356
349	407
349	624
349	740
349	851
349	1105
349	1167
349	1272
349	1767
349	1809
349	1969
350	94
350	140
350	199
350	265
350	357
350	408
350	625
350	741
350	852
350	1106
350	1168
350	1273
350	1768
350	1810
350	1970
351	95
351	141
351	200
351	266
351	358
351	409
351	626
351	742
351	853
351	1107
351	1169
351	1274
351	1769
351	1811
351	1971
352	96
352	142
352	201
352	267
352	359
352	410
352	627
352	743
352	854
352	1108
352	1170
352	1275
352	1770
352	1812
352	1972
353	97
353	143
353	202
353	268
353	360
353	411
353	628
353	744
353	855
353	1109
353	1171
353	1276
353	1771
353	1813
353	1973
354	98
354	144
354	203
354	269
354	361
354	412
354	629
354	745
354	856
354	1110
354	1172
354	1277
354	1772
354	1814
354	1974
355	99
355	145
355	204
355	216
355	362
355	413
355	630
355	746
355	857
355	1111
355	1173
355	1278
355	1773
355	1815
355	1975
356	100
356	146
356	205
356	217
356	363
356	414
356	631
356	747
356	858
356	1112
356	1174
356	1279
356	1774
356	1816
356	1976
357	101
357	147
357	206
357	218
357	364
357	415
357	632
357	748
357	859
357	1113
357	1175
357	1280
357	1775
357	1817
357	1977
358	102
358	148
358	207
358	219
358	365
358	416
358	633
358	749
358	860
358	1114
358	1176
358	1281
358	1776
358	1818
358	1978
359	103
359	149
359	208
359	220
359	366
359	417
359	634
359	750
359	861
359	1115
359	1177
359	1282
359	1777
359	1819
359	1979
360	104
360	150
360	209
360	221
360	367
360	418
360	635
360	751
360	862
360	1116
360	1178
360	1283
360	1778
360	1820
360	1980
361	105
361	151
361	210
361	222
361	368
361	419
361	636
361	752
361	863
361	1117
361	1179
361	1284
361	1779
361	1821
361	1981
362	106
362	152
362	211
362	223
362	369
362	420
362	637
362	753
362	810
362	1118
362	1180
362	1285
362	1780
362	1822
362	1982
363	107
363	153
363	212
363	224
363	370
363	421
363	638
363	754
363	811
363	1119
363	1181
363	1286
363	1781
363	1823
363	1983
364	54
364	154
364	213
364	225
364	371
364	422
364	639
364	755
364	812
364	1120
364	1182
364	1287
364	1728
364	1824
364	1984
365	55
365	155
365	214
365	226
365	372
365	423
365	640
365	702
365	813
365	1121
365	1183
365	1288
365	1729
365	1825
365	1985
366	56
366	156
366	215
366	227
366	373
366	424
366	641
366	703
366	814
366	1122
366	1184
366	1289
366	1730
366	1826
366	1986
367	57
367	157
367	162
367	228
367	374
367	425
367	642
367	704
367	815
367	1123
367	1185
367	1290
367	1731
367	1827
367	1987
368	58
368	158
368	163
368	229
368	375
368	426
368	643
368	705
368	816
368	1124
368	1186
368	1291
368	1732
368	1828
368	1988
369	59
369	159
369	164
369	230
369	376
369	427
369	644
369	706
369	817
369	1125
369	1187
369	1292
369	1733
369	1829
369	1989
370	60
370	160
370	165
370	231
370	377
370	428
370	645
370	707
370	818
370	1126
370	1134
370	1293
370	1734
370	1830
370	1990
371	61
371	161
371	166
371	232
371	324
371	429
371	646
371	708
371	819
371	1127
371	1135
371	1294
371	1735
371	1831
371	1991
372	62
372	108
372	167
372	233
372	325
372	430
372	647
372	709
372	820
372	1128
372	1136
372	1295
372	1736
372	1832
372	1992
373	63
373	109
373	168
373	234
373	326
373	431
373	594
373	710
373	821
373	1129
373	1137
373	1242
373	1737
373	1833
373	1993
374	64
374	110
374	169
374	235
374	327
374	378
374	595
374	711
374	822
374	1130
374	1138
374	1243
374	1738
374	1834
374	1994
375	65
375	111
375	170
375	236
375	328
375	379
375	596
375	712
375	823
375	1131
375	1139
375	1244
375	1739
375	1835
375	1995
376	66
376	112
376	171
376	237
376	329
376	380
376	597
376	713
376	824
376	1132
376	1140
376	1245
376	1740
376	1782
376	1996
377	67
377	113
377	172
377	238
377	330
377	381
377	598
377	714
377	825
377	1133
377	1141
377	1246
377	1741
377	1783
377	1997
378	65
378	108
378	164
378	218
378	379
378	433
378	757
378	831
378	1030
378	1136
378	1201
378	1300
378	1836
378	1944
379	66
379	109
379	165
379	219
379	380
379	434
379	758
379	832
379	1031
379	1137
379	1202
379	1301
379	1837
379	1945
380	67
380	110
380	166
380	220
380	381
380	435
380	759
380	833
380	1032
380	1138
380	1203
380	1302
380	1838
380	1946
381	68
381	111
381	167
381	221
381	382
381	436
381	760
381	834
381	1033
381	1139
381	1204
381	1303
381	1839
381	1947
382	69
382	112
382	168
382	222
382	383
382	437
382	761
382	835
382	1034
382	1140
382	1205
382	1304
382	1840
382	1948
383	70
383	113
383	169
383	223
383	384
383	438
383	762
383	836
383	1035
383	1141
383	1206
383	1305
383	1841
383	1949
384	71
384	114
384	170
384	224
384	385
384	439
384	763
384	837
384	1036
384	1142
384	1207
384	1306
384	1842
384	1950
385	72
385	115
385	171
385	225
385	386
385	440
385	764
385	838
385	1037
385	1143
385	1208
385	1307
385	1843
385	1951
386	73
386	116
386	172
386	226
386	387
386	441
386	765
386	839
386	1038
386	1144
386	1209
386	1308
386	1844
386	1952
387	74
387	117
387	173
387	227
387	388
387	442
387	766
387	840
387	1039
387	1145
387	1210
387	1309
387	1845
387	1953
388	75
388	118
388	174
388	228
388	389
388	443
388	767
388	841
388	1040
388	1146
388	1211
388	1310
388	1846
388	1954
389	76
389	119
389	175
389	229
389	390
389	444
389	768
389	842
389	1041
389	1147
389	1212
389	1311
389	1847
389	1955
390	77
390	120
390	176
390	230
390	391
390	445
390	769
390	843
390	1042
390	1148
390	1213
390	1312
390	1848
390	1956
391	78
391	121
391	177
391	231
391	392
391	446
391	770
391	844
391	1043
391	1149
391	1214
391	1313
391	1849
391	1957
392	79
392	122
392	178
392	232
392	393
392	447
392	771
392	845
392	1044
392	1150
392	1215
392	1314
392	1850
392	1958
393	80
393	123
393	179
393	233
393	394
393	448
393	772
393	846
393	1045
393	1151
393	1216
393	1315
393	1851
393	1959
394	81
394	124
394	180
394	234
394	395
394	449
394	773
394	847
394	1046
394	1152
394	1217
394	1316
394	1852
394	1960
395	82
395	125
395	181
395	235
395	396
395	450
395	774
395	848
395	1047
395	1153
395	1218
395	1317
395	1853
395	1961
396	83
396	126
396	182
396	236
396	397
396	451
396	775
396	849
396	1048
396	1154
396	1219
396	1318
396	1854
396	1962
397	84
397	127
397	183
397	237
397	398
397	452
397	776
397	850
397	1049
397	1155
397	1220
397	1319
397	1855
397	1963
398	85
398	128
398	184
398	238
398	399
398	453
398	777
398	851
398	1050
398	1156
398	1221
398	1320
398	1856
398	1964
399	86
399	129
399	185
399	239
399	400
399	454
399	778
399	852
399	1051
399	1157
399	1222
399	1321
399	1857
399	1965
400	87
400	130
400	186
400	240
400	401
400	455
400	779
400	853
400	1052
400	1158
400	1223
400	1322
400	1858
400	1966
401	88
401	131
401	187
401	241
401	402
401	456
401	780
401	854
401	1053
401	1159
401	1224
401	1323
401	1859
401	1967
402	89
402	132
402	188
402	242
402	403
402	457
402	781
402	855
402	1054
402	1160
402	1225
402	1324
402	1860
402	1968
403	90
403	133
403	189
403	243
403	404
403	458
403	782
403	856
403	1055
403	1161
403	1226
403	1325
403	1861
403	1969
404	91
404	134
404	190
404	244
404	405
404	459
404	783
404	857
404	1056
404	1162
404	1227
404	1326
404	1862
404	1970
405	92
405	135
405	191
405	245
405	406
405	460
405	784
405	858
405	1057
405	1163
405	1228
405	1327
405	1863
405	1971
406	93
406	136
406	192
406	246
406	407
406	461
406	785
406	859
406	1058
406	1164
406	1229
406	1328
406	1864
406	1972
407	94
407	137
407	193
407	247
407	408
407	462
407	786
407	860
407	1059
407	1165
407	1230
407	1329
407	1865
407	1973
408	95
408	138
408	194
408	248
408	409
408	463
408	787
408	861
408	1060
408	1166
408	1231
408	1330
408	1866
408	1974
409	96
409	139
409	195
409	249
409	410
409	464
409	788
409	862
409	1061
409	1167
409	1232
409	1331
409	1867
409	1975
410	97
410	140
410	196
410	250
410	411
410	465
410	789
410	863
410	1062
410	1168
410	1233
410	1332
410	1868
410	1976
411	98
411	141
411	197
411	251
411	412
411	466
411	790
411	810
411	1063
411	1169
411	1234
411	1333
411	1869
411	1977
412	99
412	142
412	198
412	252
412	413
412	467
412	791
412	811
412	1064
412	1170
412	1235
412	1334
412	1870
412	1978
413	100
413	143
413	199
413	253
413	414
413	468
413	792
413	812
413	1065
413	1171
413	1236
413	1335
413	1871
413	1979
414	101
414	144
414	200
414	254
414	415
414	469
414	793
414	813
414	1066
414	1172
414	1237
414	1336
414	1872
414	1980
415	102
415	145
415	201
415	255
415	416
415	470
415	794
415	814
415	1067
415	1173
415	1238
415	1337
415	1873
415	1981
416	103
416	146
416	202
416	256
416	417
416	471
416	795
416	815
416	1068
416	1174
416	1239
416	1338
416	1874
416	1982
417	104
417	147
417	203
417	257
417	418
417	472
417	796
417	816
417	1069
417	1175
417	1240
417	1339
417	1875
417	1983
418	105
418	148
418	204
418	258
418	419
418	473
418	797
418	817
418	1070
418	1176
418	1241
418	1340
418	1876
418	1984
419	106
419	149
419	205
419	259
419	420
419	474
419	798
419	818
419	1071
419	1177
419	1188
419	1341
419	1877
419	1985
420	107
420	150
420	206
420	260
420	421
420	475
420	799
420	819
420	1072
420	1178
420	1189
420	1342
420	1878
420	1986
421	54
421	151
421	207
421	261
421	422
421	476
421	800
421	820
421	1073
421	1179
421	1190
421	1343
421	1879
421	1987
422	55
422	152
422	208
422	262
422	423
422	477
422	801
422	821
422	1074
422	1180
422	1191
422	1344
422	1880
422	1988
423	56
423	153
423	209
423	263
423	424
423	478
423	802
423	822
423	1075
423	1181
423	1192
423	1345
423	1881
423	1989
424	57
424	154
424	210
424	264
424	425
424	479
424	803
424	823
424	1076
424	1182
424	1193
424	1346
424	1882
424	1990
425	58
425	155
425	211
425	265
425	426
425	480
425	804
425	824
425	1077
425	1183
425	1194
425	1347
425	1883
425	1991
426	59
426	156
426	212
426	266
426	427
426	481
426	805
426	825
426	1078
426	1184
426	1195
426	1348
426	1884
426	1992
427	60
427	157
427	213
427	267
427	428
427	482
427	806
427	826
427	1079
427	1185
427	1196
427	1349
427	1885
427	1993
428	61
428	158
428	214
428	268
428	429
428	483
428	807
428	827
428	1026
428	1186
428	1197
428	1296
428	1886
428	1994
429	62
429	159
429	215
429	269
429	430
429	484
429	808
429	828
429	1027
429	1187
429	1198
429	1297
429	1887
429	1995
430	63
430	160
430	162
430	216
430	431
430	485
430	809
430	829
430	1028
430	1134
430	1199
430	1298
430	1888
430	1996
431	64
431	161
431	163
431	217
431	378
431	432
431	756
431	830
431	1029
431	1135
431	1200
431	1299
431	1889
431	1997
432	11
432	60
432	173
432	239
432	391
432	496
432	557
432	935
432	1096
432	1190
432	1261
432	1794
432	1841
432	1890
432	1944
433	12
433	61
433	174
433	240
433	392
433	497
433	558
433	936
433	1097
433	1191
433	1262
433	1795
433	1842
433	1891
433	1945
434	13
434	62
434	175
434	241
434	393
434	498
434	559
434	937
434	1098
434	1192
434	1263
434	1796
434	1843
434	1892
434	1946
435	14
435	63
435	176
435	242
435	394
435	499
435	560
435	938
435	1099
435	1193
435	1264
435	1797
435	1844
435	1893
435	1947
436	15
436	64
436	177
436	243
436	395
436	500
436	561
436	939
436	1100
436	1194
436	1265
436	1798
436	1845
436	1894
436	1948
437	16
437	65
437	178
437	244
437	396
437	501
437	562
437	940
437	1101
437	1195
437	1266
437	1799
437	1846
437	1895
437	1949
438	17
438	66
438	179
438	245
438	397
438	502
438	563
438	941
438	1102
438	1196
438	1267
438	1800
438	1847
438	1896
438	1950
439	18
439	67
439	180
439	246
439	398
439	503
439	564
439	942
439	1103
439	1197
439	1268
439	1801
439	1848
439	1897
439	1951
440	19
440	68
440	181
440	247
440	399
440	504
440	565
440	943
440	1104
440	1198
440	1269
440	1802
440	1849
440	1898
440	1952
441	20
441	69
441	182
441	248
441	400
441	505
441	566
441	944
441	1105
441	1199
441	1270
441	1803
441	1850
441	1899
441	1953
442	21
442	70
442	183
442	249
442	401
442	506
442	567
442	945
442	1106
442	1200
442	1271
442	1804
442	1851
442	1900
442	1954
443	22
443	71
443	184
443	250
443	402
443	507
443	568
443	946
443	1107
443	1201
443	1272
443	1805
443	1852
443	1901
443	1955
444	23
444	72
444	185
444	251
444	403
444	508
444	569
444	947
444	1108
444	1202
444	1273
444	1806
444	1853
444	1902
444	1956
445	24
445	73
445	186
445	252
445	404
445	509
445	570
445	948
445	1109
445	1203
445	1274
445	1807
445	1854
445	1903
445	1957
446	25
446	74
446	187
446	253
446	405
446	510
446	571
446	949
446	1110
446	1204
446	1275
446	1808
446	1855
446	1904
446	1958
447	26
447	75
447	188
447	254
447	406
447	511
447	572
447	950
447	1111
447	1205
447	1276
447	1809
447	1856
447	1905
447	1959
448	27
448	76
448	189
448	255
448	407
448	512
448	573
448	951
448	1112
448	1206
448	1277
448	1810
448	1857
448	1906
448	1960
449	28
449	77
449	190
449	256
449	408
449	513
449	574
449	952
449	1113
449	1207
449	1278
449	1811
449	1858
449	1907
449	1961
450	29
450	78
450	191
450	257
450	409
450	514
450	575
450	953
450	1114
450	1208
450	1279
450	1812
450	1859
450	1908
450	1962
451	30
451	79
451	192
451	258
451	410
451	515
451	576
451	954
451	1115
451	1209
451	1280
451	1813
451	1860
451	1909
451	1963
452	31
452	80
452	193
452	259
452	411
452	516
452	577
452	955
452	1116
452	1210
452	1281
452	1814
452	1861
452	1910
452	1964
453	32
453	81
453	194
453	260
453	412
453	517
453	578
453	956
453	1117
453	1211
453	1282
453	1815
453	1862
453	1911
453	1965
454	33
454	82
454	195
454	261
454	413
454	518
454	579
454	957
454	1118
454	1212
454	1283
454	1816
454	1863
454	1912
454	1966
455	34
455	83
455	196
455	262
455	414
455	519
455	580
455	958
455	1119
455	1213
455	1284
455	1817
455	1864
455	1913
455	1967
456	35
456	84
456	197
456	263
456	415
456	520
456	581
456	959
456	1120
456	1214
456	1285
456	1818
456	1865
456	1914
456	1968
457	36
457	85
457	198
457	264
457	416
457	521
457	582
457	960
457	1121
457	1215
457	1286
457	1819
457	1866
457	1915
457	1969
458	37
458	86
458	199
458	265
458	417
458	522
458	583
458	961
458	1122
458	1216
458	1287
458	1820
458	1867
458	1916
458	1970
459	38
459	87
459	200
459	266
459	418
459	523
459	584
459	962
459	1123
459	1217
459	1288
459	1821
459	1868
459	1917
459	1971
460	39
460	88
460	201
460	267
460	419
460	524
460	585
460	963
460	1124
460	1218
460	1289
460	1822
460	1869
460	1918
460	1972
461	40
461	89
461	202
461	268
461	420
461	525
461	586
461	964
461	1125
461	1219
461	1290
461	1823
461	1870
461	1919
461	1973
462	41
462	90
462	203
462	269
462	421
462	526
462	587
462	965
462	1126
462	1220
462	1291
462	1824
462	1871
462	1920
462	1974
463	42
463	91
463	204
463	216
463	422
463	527
463	588
463	966
463	1127
463	1221
463	1292
463	1825
463	1872
463	1921
463	1975
464	43
464	92
464	205
464	217
464	423
464	528
464	589
464	967
464	1128
464	1222
464	1293
464	1826
464	1873
464	1922
464	1976
465	44
465	93
465	206
465	218
465	424
465	529
465	590
465	968
465	1129
465	1223
465	1294
465	1827
465	1874
465	1923
465	1977
466	45
466	94
466	207
466	219
466	425
466	530
466	591
466	969
466	1130
466	1224
466	1295
466	1828
466	1875
466	1924
466	1978
467	46
467	95
467	208
467	220
467	426
467	531
467	592
467	970
467	1131
467	1225
467	1242
467	1829
467	1876
467	1925
467	1979
468	47
468	96
468	209
468	221
468	427
468	532
468	593
468	971
468	1132
468	1226
468	1243
468	1830
468	1877
468	1926
468	1980
469	48
469	97
469	210
469	222
469	428
469	533
469	540
469	918
469	1133
469	1227
469	1244
469	1831
469	1878
469	1927
469	1981
470	49
470	98
470	211
470	223
470	429
470	534
470	541
470	919
470	1080
470	1228
470	1245
470	1832
470	1879
470	1928
470	1982
471	50
471	99
471	212
471	224
471	430
471	535
471	542
471	920
471	1081
471	1229
471	1246
471	1833
471	1880
471	1929
471	1983
472	51
472	100
472	213
472	225
472	431
472	536
472	543
472	921
472	1082
472	1230
472	1247
472	1834
472	1881
472	1930
472	1984
473	52
473	101
473	214
473	226
473	378
473	537
473	544
473	922
473	1083
473	1231
473	1248
473	1835
473	1882
473	1931
473	1985
474	53
474	102
474	215
474	227
474	379
474	538
474	545
474	923
474	1084
474	1232
474	1249
474	1782
474	1883
474	1932
474	1986
475	0
475	103
475	162
475	228
475	380
475	539
475	546
475	924
475	1085
475	1233
475	1250
475	1783
475	1884
475	1933
475	1987
476	1
476	104
476	163
476	229
476	381
476	486
476	547
476	925
476	1086
476	1234
476	1251
476	1784
476	1885
476	1934
476	1988
477	2
477	105
477	164
477	230
477	382
477	487
477	548
477	926
477	1087
477	1235
477	1252
477	1785
477	1886
477	1935
477	1989
478	3
478	106
478	165
478	231
478	383
478	488
478	549
478	927
478	1088
478	1236
478	1253
478	1786
478	1887
478	1936
478	1990
479	4
479	107
479	166
479	232
479	384
479	489
479	550
479	928
479	1089
479	1237
479	1254
479	1787
479	1888
479	1937
479	1991
480	5
480	54
480	167
480	233
480	385
480	490
480	551
480	929
480	1090
480	1238
480	1255
480	1788
480	1889
480	1938
480	1992
481	6
481	55
481	168
481	234
481	386
481	491
481	552
481	930
481	1091
481	1239
481	1256
481	1789
481	1836
481	1939
481	1993
482	7
482	56
482	169
482	235
482	387
482	492
482	553
482	931
482	1092
482	1240
482	1257
482	1790
482	1837
482	1940
482	1994
483	8
483	57
483	170
483	236
483	388
483	493
483	554
483	932
483	1093
483	1241
483	1258
483	1791
483	1838
483	1941
483	1995
484	9
484	58
484	171
484	237
484	389
484	494
484	555
484	933
484	1094
484	1188
484	1259
484	1792
484	1839
484	1942
484	1996
485	10
485	59
485	172
485	238
485	390
485	495
485	556
485	934
485	1095
485	1189
485	1260
485	1793
485	1840
485	1943
485	1997
